loop0
1192.000000
10 688.000000
68.800003 74.500000
loop1
1352.000000
10 788.000000
78.800003 84.500000
loop2
1512.000000
10 888.000000
88.800003 94.500000
loop3
1672.000000
10 988.000000
98.800003 104.500000
loop4
1832.000000
10 1088.000000
108.800003 114.500000
loop5
1992.000000
10 1188.000000
118.800003 124.500000
loop6
2152.000000
10 1288.000000
128.800003 134.500000
loop7
2312.000000
10 1388.000000
138.800003 144.500000
loop8
2472.000000
10 1488.000000
148.800003 154.500000
loop9
2632.000000
10 1588.000000
158.800003 164.500000
